Sec,Ticks,msg_type,Channel,Notes,Velocities,Tempo,diff_velocity
2.7484375,0.7484375000000001,"['note_on', 'note_on', 'note_on', 'note_on', 'note_on']",0,"[41, 53, 57, 60, 64]","[70, 70, 70, 70, 70]",80.0,70.0
3.13125,0.3828125,['note_off'],0,[53],[101],80.0,31.0
3.1390625,0.0078125,['note_off'],0,[57],[94],80.0,-7.0
3.146875,0.0078125,['note_off'],0,[41],[103],80.0,9.0
3.15,0.003125,['note_off'],0,[60],[74],80.0,-29.0
3.165625,0.015625,['note_off'],0,[64],[89],80.0,15.0
4.307812500000001,0.7093750000000001,"['note_on', 'note_on', 'note_on', 'note_on', 'note_on']",0,"[41, 53, 56, 59, 64]","[70, 70, 70, 70, 70]",80.0,-19.0
4.445312500000001,0.1375,['note_off'],0,[64],[90],80.0,20.0
4.460937500000001,0.015625,['note_off'],0,[53],[107],80.0,17.0
4.4671875000000005,0.00625,['note_off'],0,[41],[102],80.0,-5.0
4.4750000000000005,0.0078125,['note_off'],0,[59],[88],80.0,-14.0
4.487500000000001,0.0125,['note_off'],0,[56],[76],80.0,-12.0
5.789062500000001,0.75,"['note_on', 'note_on', 'note_on', 'note_on', 'note_on']",0,"[40, 52, 55, 59, 62]","[70, 70, 70, 70, 70]",80.0,-6.0
5.989062500000001,0.2,['note_off'],0,[62],[71],80.0,1.0
5.990625000000001,0.0015625,['note_off'],0,[40],[100],80.0,29.0
6.012500000000001,0.021875000000000002,['note_off'],0,[59],[90],80.0,-10.0
6.017187500000001,0.004687500000000001,['note_off'],0,[52],[86],80.0,-4.0
6.042187500000002,0.025,['note_off'],0,[55],[90],80.0,4.0
7.357812500000001,0.8,"['note_on', 'note_on', 'note_on', 'note_on', 'note_on']",0,"[45, 52, 55, 58, 61]","[70, 70, 70, 70, 70]",80.0,-20.0
7.531250000000002,0.0,"['note_off', 'note_off']",0,"[52, 55]","[92, 96]",80.0,24.0
7.565625000000002,0.034375,['note_off'],0,[45],[97],80.0,3.0
7.584375000000001,0.018750000000000003,['note_off'],0,[58],[75],80.0,-22.0
7.618750000000001,0.034375,['note_off'],0,[61],[69],80.0,-6.0
8.798437500000002,0.7296875,"['note_on', 'note_on', 'note_on', 'note_on', 'note_on']",0,"[38, 53, 57, 60, 64]","[70, 70, 70, 70, 70]",80.0,1.0
8.982812500000001,0.184375,['note_off'],0,[53],[99],80.0,29.0
8.990625000000001,0.0078125,['note_off'],0,[64],[67],80.0,-32.0
9.000000000000002,0.009375000000000001,['note_off'],0,[57],[93],80.0,26.0
9.004687500000001,0.004687500000000001,['note_off'],0,[60],[83],80.0,-10.0
9.0171875,0.0125,['note_off'],0,[38],[98],80.0,15.0
10.278125000000001,0.7296875,"['note_on', 'note_on', 'note_on', 'note_on', 'note_on']",0,"[43, 53, 56, 59, 64]","[70, 70, 70, 70, 70]",80.0,-28.0
10.429687500000002,0.0,"['note_off', 'note_off']",0,"[43, 53]","[100, 92]",80.0,26.0
10.446875000000002,0.0171875,['note_off'],0,[59],[97],80.0,1.0
10.454687500000002,0.0078125,['note_off'],0,[56],[83],80.0,-14.0
10.467187500000001,0.0125,['note_off'],0,[64],[62],80.0,-21.0
11.728125000000002,0.65,"['note_on', 'note_on', 'note_on', 'note_on', 'note_on']",0,"[36, 55, 59, 62, 64]","[70, 70, 70, 70, 70]",80.0,8.0
11.907812500000002,0.1796875,['note_off'],0,[59],[86],80.0,16.0
11.910937500000003,0.003125,['note_off'],0,[36],[67],80.0,-19.0
11.926562500000003,0.015625,['note_off'],0,[64],[92],80.0,25.0
11.931250000000002,0.004687500000000001,['note_off'],0,[62],[92],80.0,0.0
11.935937500000001,0.004687500000000001,['note_off'],0,[55],[75],80.0,-17.0
12.518750000000002,0.018750000000000003,"['note_on', 'note_on', 'note_on', 'note_on', 'note_on']",0,"[45, 55, 58, 61, 65]","[70, 70, 70, 70, 70]",80.0,-5.0
13.357812500000001,0.1078125,['note_on'],0,[64],[70],80.0,0.0
13.3703125,0.0125,['note_off'],0,[65],[110],80.0,40.0
13.61875,0.2484375,['note_off'],0,[64],[103],80.0,-7.0
13.671875,0.053125000000000006,['note_off'],0,[55],[101],80.0,-2.0
13.7,0.028125,['note_off'],0,[58],[70],80.0,-31.0
13.7078125,0.0078125,['note_off'],0,[61],[59],80.0,-11.0
13.712499999999999,0.004687500000000001,['note_off'],0,[45],[80],80.0,21.0
14.778124999999998,0.7390625000000001,"['note_on', 'note_on', 'note_on', 'note_on', 'note_on']",0,"[41, 53, 57, 60, 64]","[70, 70, 70, 70, 70]",80.0,-10.0
14.942187499999998,0.1640625,['note_off'],0,[64],[81],80.0,11.0
14.956249999999997,0.0140625,['note_off'],0,[57],[85],80.0,4.0
14.959374999999998,0.003125,['note_off'],0,[41],[88],80.0,3.0
14.964062499999997,0.004687500000000001,['note_off'],0,[53],[79],80.0,-9.0
14.993749999999997,0.029687500000000002,['note_off'],0,[60],[83],80.0,4.0
16.289062499999996,0.7406250000000001,"['note_on', 'note_on', 'note_on', 'note_on', 'note_on']",0,"[41, 53, 56, 59, 64]","[70, 70, 70, 70, 70]",80.0,-13.0
16.456249999999997,0.16718750000000002,['note_off'],0,[64],[83],80.0,13.0
16.478125,0.021875000000000002,['note_off'],0,[53],[105],80.0,22.0
16.5015625,0.0234375,['note_off'],0,[59],[85],80.0,-20.0
16.525,0.0234375,['note_off'],0,[41],[96],80.0,11.0
16.998437499999998,0.4703125,['note_off'],0,[56],[85],80.0,-11.0
17.839062499999997,0.8390625,"['note_on', 'note_on', 'note_on', 'note_on', 'note_on']",0,"[40, 52, 55, 59, 62]","[70, 70, 70, 70, 70]",80.0,-15.0
17.935937499999998,0.096875,['note_off'],0,[52],[100],80.0,30.0
17.945312499999996,0.009375000000000001,['note_off'],0,[55],[97],80.0,-3.0
17.967187499999998,0.021875000000000002,['note_off'],0,[40],[101],80.0,4.0
17.98125,0.0140625,['note_off'],0,[59],[91],80.0,-10.0
18.0015625,0.0203125,['note_off'],0,[62],[90],80.0,-1.0
19.128125,0.6203125,"['note_on', 'note_on', 'note_on', 'note_on', 'note_on']",0,"[45, 52, 55, 58, 61]","[70, 70, 70, 70, 70]",80.0,-20.0
19.400000000000002,0.27187500000000003,['note_off'],0,[55],[99],80.0,29.0
19.407812500000002,0.0078125,['note_off'],0,[52],[103],80.0,4.0
19.45625,0.0484375,['note_off'],0,[58],[72],80.0,-31.0
19.4984375,0.0421875,['note_off'],0,[61],[73],80.0,1.0
19.525000000000002,0.026562500000000003,['note_off'],0,[45],[103],80.0,30.0
20.779687500000005,0.021875000000000002,"['note_on', 'note_on', 'note_on', 'note_on', 'note_on']",0,"[38, 53, 57, 60, 64]","[70, 70, 70, 70, 70]",80.0,-33.0
20.973437500000006,0.19375,['note_off'],0,[53],[96],80.0,26.0
20.987500000000008,0.0140625,['note_off'],0,[57],[94],80.0,-2.0
20.99843750000001,0.010937500000000001,['note_off'],0,[60],[82],80.0,-12.0
21.007812500000007,0.009375000000000001,['note_off'],0,[64],[66],80.0,-16.0
21.015625000000007,0.0078125,['note_off'],0,[38],[97],80.0,31.0
22.179687500000007,0.65,"['note_on', 'note_on', 'note_on', 'note_on', 'note_on']",0,"[43, 53, 56, 59, 64]","[70, 70, 70, 70, 70]",80.0,-27.0
22.418750000000006,0.2390625,['note_off'],0,[64],[75],80.0,5.0
22.450000000000006,0.03125,['note_off'],0,[53],[96],80.0,21.0
22.464062500000008,0.0140625,['note_off'],0,[59],[97],80.0,1.0
22.473437500000006,0.009375000000000001,['note_off'],0,[56],[85],80.0,-12.0
22.528125000000006,0.0546875,['note_off'],0,[43],[76],80.0,-9.0
23.02968750000001,0.029687500000000002,"['note_on', 'note_on', 'note_on', 'note_on', 'note_on']",0,"[36, 55, 59, 62, 64]","[70, 70, 70, 70, 70]",80.0,-6.0
25.315625000000008,2.2859375,['note_off'],0,[55],[107],80.0,37.0
25.32187500000001,0.0,"['note_off', 'note_off']",0,"[36, 59]","[108, 96]",80.0,-5.0
25.32968750000001,0.0078125,['note_off'],0,[62],[96],80.0,-6.0
59.000000000000014,33.643750000000004,['note_off'],,[64],[107],80.0,11.0
